205,134.464624621745,217,74.6390396508422,195,94.917492550109,202,102.475635777486,236,43.0782146905616,221,60.7998496478237,199,78.630915647911,232,50.4040213600531,194,75.6751010401773,187,81.4205327322502,237,44.7758767202694,201,74.0980405493116,201,75.8629846554947
202,123.639769631335,224,59.9433319204856,186,90.0939086066541,198,103.585866189399,246,24.688220251328,221,45.7071651010829,207,55.1228631204606,221,50.5540277052365,195,62.3263553803813,190,65.8200793913147,228,45.6953921087849,198,61.1766268175554,193,64.6631721224317
159,149.836629118749,187,82.5642097814913,139,106.807234885202,151,112.60170422784,186,70.9838412801925,168,76.3127240504757,197,64.6360543088132,158,84.3777368492695,137,88.34287277365,167,84.1176981064599,144,89.7659575069349,141,89.0060478051908,163,86.201277458166
187,130.482842362041,207,73.1717998239327,173,91.251344647627,182,100.172630414752,236,42.3622490590771,200,68.5364610598139,197,71.1091661249635,211,61.247450704139,168,81.1033991023106,173,81.1984496768924,207,60.5722701204278,184,75.5829228106378,184,76.066525482422
199,116.830686626799,222,58.8740373343996,186,87.9101730737036,188,85.8206012992545,186,76.8414727650068,184,76.889524591927,207,64.0228606743432,207,67.4824064083582,178,78.7048490822592,194,69.3508855840969,223,56.1770609879956,195,70.8055258630594,206,62.4053513374691
174,135.360305166974,197,72.1613818163221,152,95.1284460370359,171,110.440834076449,216,52.7995153920204,181,68.175743976112,178,70.98255311246,196,70.5907408456569,154,80.8286685065806,159,78.3514375446789,198,69.2481982407764,168,77.9481223406231,175,75.4421800381987
182,142.648847224618,200,79.2686626022434,167,99.6723083061885,179,111.318511946759,253,3.21772302981451,221,61.7881300483366,211,63.8410967765052,202,73.9437458049458,175,80.5101669737809,170,83.2225758725788,190,77.2299907233456,164,83.0450672807805,171,82.3570842669212
190,123.649468424329,218,60.997471537235,166,89.7421474616748,188,102.686607841289,213,51.2691372225367,197,61.3731925329864,210,55.4761162023875,189,66.6614869908232,177,70.4434218453701,183,69.2909954730974,204,58.7396869879907,185,67.5350442390907,190,66.5991496865166
147,152.550040500718,177,83.7869525521053,127,109.723305231557,138,112.410734289897,197,70.4577660122988,168,82.2918659373111,172,82.7366668910418,140,91.0109294609327,127,91.1340433628789,139,91.1188670054811,146,91.5080699384821,140,90.7657403591097,151,89.4561783137282
182,133.823257777752,204,76.6000387756788,165,94.095937257517,177,97.7811787632655,202,61.0217391950432,170,83.8273470101752,179,80.4450857682239,186,81.3727355249388,160,93.4047590673186,180,85.769645984505,196,75.2026628373408,176,85.5835937468322,194,78.2607463026196
203,134.987552546509,219,79.9351891740448,190,90.7895623663627,199,103.767917578564,254,1.00468846271062,252,15.117243803411,239,25.4446880002086,219,52.1105511367381,193,76.9050069863391,193,78.9888616761182,215,54.4068872192379,190,76.6763051868004,187,81.3864870857077
189,133.251066491096,197,72.7953118513564,166,93.3055719905985,204,106.076757996069,211,69.5227279668122,207,66.2340872912376,212,65.0352511674452,199,59.9684724152617,180,71.848096786634,176,73.5626347738516,208,63.5479001382938,186,73.0855590793437,180,74.5788995895654
179,150.7044805936,186,94.125717150511,170,99.4240098518005,182,109.09247600377,250,27.8006689304854,211,70.9754262951736,222,62.5588073329968,193,93.8924424228406,161,93.272258687098,170,91.6583731380062,199,93.261353756045,161,96.7429627187861,167,94.2389758808804
182,139.519088368198,190,88.4315458730043,171,91.1138294599366,184,100.15549602617,250,27.6001882405933,214,69.507867671236,225,61.9172801499848,194,82.3054652228986,171,86.2664738250807,179,85.627966541822,185,87.144809789996,161,91.2555060964302,170,89.0837109122102
174,136.841368110262,180,89.2993864809132,159,86.1698344130707,181,99.8890269896236,244,34.2633082593471,209,65.7297380936836,208,68.3616632357039,191,87.8950629012135,172,82.7882706691245,173,81.9644132598677,169,92.3268757527363,152,89.367919338456,160,89.0174950886441
201,124.956854493187,193,86.6202333414116,207,78.8831872492322,202,75.2713776301496,250,27.4263108210442,211,78.4675031062294,220,73.804526990797,214,80.7465340005182,180,92.306239442732,186,92.4845308082103,227,69.2297761766734,194,87.8480933752732,198,86.9231306124462
192,143.979390796985,188,97.1392870384329,194,91.7336348651918,193,92.9348824019641,247,38.02582105636,205,89.3038666190678,220,78.5405875059007,203,93.021188179174,164,104.112532360261,178,101.98546492675,219,80.6541491693121,177,102.041786692179,192,97.1949727716327
194,117.827906322757,210,72.64968744978,177,77.4295076900012,196,88.4891478217138,234,43.6223881695624,186,76.3519372863084,198,68.590718424325,207,56.4329527489849,176,77.7167385630558,185,72.7768022599037,218,49.2453125467184,190,77.9097322288305,197,73.8992152033831
188,114.052907778713,204,61.3329393259999,163,77.9934094678212,195,97.4171094725823,193,73.0412766415973,176,75.5596099724691,182,70.0166949486214,186,65.8121285953954,178,69.2047209037427,183,65.6779532639943,193,62.3226898516653,188,67.0098791106904,197,62.4606523180467
203,117.486871402999,216,72.7670477825925,190,77.0810834898487,202,87.7489876369255,240,17.3532009535225,198,66.3058035973601,208,60.3030006976117,224,35.5191451611547,188,73.3157670143862,195,67.3042687537024,226,47.0899295238301,194,80.5250213912977,202,73.4475144085967
